100
    1        0   14  104    8   83    9  140    7  178    7  117   11  -1
    2       55   13  165    7   95    3  153    5  191    4  156    1  192   13  128    8  -1
    3      550   13   82    3   54    8   77   10  -1
    4      764  179  144  150   82  151  134  225  -1
    5      935   11  162    7   63    2  171   10  152   13  131    4  174    8  184    7  -1
    6     1308    6  152   12  147    5  117    1  151    9  100   14   85    9  113    9   68    7  -1
    7     1691    6   56   15  119   15  103   14  154   14  108   13  -1
    8     1753  285  101  300  143  178  -1
    9     2241    7  175    7  156   13  198    9  178    8  145   14  -1
   10     2313   12  112    2  185    2  173    4  179   14  172   14  107   10  -1
   11     2339    5  145   12  163   12   65    6  149   15  165   10  175    3  106    7  113    7  -1
   12     2608    5  100   14  152    5  140   13  131    3  192    4   56    9   55    3  185    5  -1
   13     2925    5  175    2  149   11  123    6  195   15  106    5   91    7  193   15  174    7   51   12  -1
   14     2998   15  125    5   66    5  110   10  188   11  174    8  106   13  189    4  -1
   15     3381    7  111   15  142    8  130    1  181    2  171   14  120   14  125    1   93    3  -1
   16     3859    9   73    7  195    5  119    4  104    6  162    3  188    3   88    9  119   10  -1
   17     4237   11  122    9  168    9  155    3  131    8  -1
   18     4349    1  153    6  110    1   61    9  -1
   19     4662    9  192    7  137    2  116   10  156    6   95   12  -1
   20     5031  162   68  147   78  174  104  194  -1
   21     5205  224   74  120  179  226  123  243  -1
   22     5677   13  169    7  117   10   68    4  -1
   23     5935    3  167   13  115    8  162    9  109   15  173   15  -1
   24     6304   12   88    9  154   13  134    3  -1
   25     6696    8  176    9  152    4  159   10   87   14  103    5  121    1  119    4  130    4  178   14  -1
   26     7072    3  149    1   61    8  172    8  132    5  128    3  190   13  -1
   27     7451    5   72    9  164    9   61    5  118   15  120    3  152    9  171   14  -1
   28     7690    1  150    7  166    1  194    6  137    1  118    1  129   10  125   12  -1
   29     8057    3  118   15  159    8  200   14  135    8  -1
   30     8074  166  185  200   55  285   63  236  191  159  179  300   57  201  -1
   31     8493    2  168    9  147    9   50   13   67    9  163   15  166    8  -1
   32     8590    2  183    8  189    7   82    7  140    4   84   15  114    8  -1
   33     8790   13  161    7   73   14   76    4  -1
   34     9162    7   83    4  119   11  133    9  148    3  -1
   35     9434    6  188    8  127   10   79    3  -1
   36     9574    6   76   10   83    1   51    2   86    9  109   12   82    8  181   15   77    1   84   12  -1
   37    10021    2   58   10  139    1  126   10  139   15  178    9  180   10   61    7  197   12  -1
   38    10149    4   83    9  163   12   67   15  176    1  122    8  162    5  200    4  163    4  151    6  -1
   39    10465   10  134    3  100    2  118    8  186    3   66    7  171   12  -1
   40    10957    6  108    2  122   13  167    7  117    1  192    2  -1
   41    11031   11   50    7   58    5  156    8  -1
   42    11073    7  156   11  108   12  111    8  126    4  115   14  187    6  116   12  -1
   43    11125  219  189  270  123  161   83  220   86  130  -1
   44    11472  132   81  288   78  195  110  205  164  260  -1
   45    11963   14  108   13  141   14  150    3  152    1   64   14  124    3  154   12  -1
   46    12142    2  112   12  191    6   76    8  -1
   47    12303    8   65    2  170   13  103   12  139    8  116    7  138    8  -1
   48    12495    8  165   11  172    1  166   15  159    4  169    5  200    6  170   14  -1
   49    12781    4  107    5  152   11  143   12   86   12  146   14   87   15  164   14  -1
   50    13137    5  164   14  195   15  163   15  125    8   73   10  115   12   88    5   51    9  -1
   51    13287    9  172    7  147    6   66    6   55   14  194    9  181   10  -1
   52    13763   15  166   15   94   14  157   10   95    5  129    3  180    6  188    5   91   14  126   11  -1
   53    14015    9   79   11  192   15  194    7  182   10  157   10  192    5  132    1  -1
   54    14254    5   71   13  126    2   95   15  166   13  151    5  -1
   55    14735    2   86    4  148    1   77    1  109   15   72   11  183    3  195   12  -1
   56    14879   15  197    7  160    8   57   13  -1
   57    15023   15  154   10   54    2  126    8   65   15   78   11  133   11  170   10   53    9   50   11  -1
   58    15508    8   62    6  127   11  113    3  176    5   52   12  153    3  113    5  -1
   59    15558   10  200    1   82   12  173    9  130    5  166    6  138   14   57   10  183    5  -1
   60    15848    8  154   14   66   11   71   15  135    3   55    5  -1
   61    16030    9  173    9   72    3  114   10   71    1  181   12  148   12  160    7  -1
   62    16062    9  193    1   63    2  144    1  191   12   58    8  153    7  135    8  -1
   63    16159    4  141   15  183    3   67    4  -1
   64    16488   10  149    7  191    7   56   15  -1
   65    16913    4   97    5   87    1  133    3  -1
   66    17054    6  184    4   79    7  130   15   95    3   66    5  194    6   76    8  104   12  -1
   67    17065    3  147    2   84   15   70    2  152    8  164   10  177   14   85    1  112    5  -1
   68    17244    9  189    9   76   13   97    2   94   13  135    4  -1
   69    17354    5   59    9  153    1   55    8  -1
   70    17716   14  185    2  180    4   78   11  143   11  166   12  -1
   71    18192  179   89  114  143  191   56  208  184  213  105  226  -1
   72    18469    7   88   12  167    2  136    4  101    6  195    7  -1
   73    18564    9  171   11  124   14  183    9   53   14   54   14   52    4  -1
   74    18663   13  126   11  135   12   74   15  183    7  -1
   75    19033   13  138    1  162    6   75   11  114   11  101    6  197    7  101    5  -1
   76    19294    9   92    4  129    8  132   15  198    7  -1
   77    19445   14  137   11  158    6   81    8  -1
   78    19459  167   60  158   84  254  181  212   80  281  120  198  190  243  -1
   79    19703    3  186    8   74    9  105    5  198    4  -1
   80    20198   11  171   11  122   11  163   10   88    1  149   11   90    6  189    6   65   10  151   12  -1
   81    20509    1  154    7  111    6  198   15  177    3   57    4  168    8  124    5   80    2  -1
   82    20995   10  194   13  139   14   99    3  172    2  169   14  129   14   89    6  -1
   83    21453    3   74   14  139    8  190   12  119   15  171   15  -1
   84    21653   13   60    1  195   10  171    1   87   12  -1
   85    22032   12  156    9  138    7   71   14  123    9  149    6  -1
   86    22141   12  157    7  137    3  106   13   88   14   54   14   60   11  144    6   52   10  127    9  -1
   87    22215   14  175   13  154   15  148   11  142   14   61    9  145   15  200    1   90   13   97    7  -1
   88    22596    8  131    5  136    3   87    6  -1
   89    23002    9   90    1  117    9  126    7   62    1  102   11   82   10  153    4  137   10  165   15  -1
   90    23446    1  176    3  189   14  161    8   63    8  200    7   68    1   87    7  -1
   91    23665   14   51   10   71   11  185    6  150   12  136    3  193    1  185    9  152    4  179    8  -1
   92    23773    4   90    1   91    1   86    2  173   12  129    6  177   13  -1
   93    24068   12  108    3   76    6   87   15   66    6  178   13   98    6  -1
   94    24559    3  112   10  145    8  125   12  -1
   95    24943    8  151    4  147    4  185   14  190   12  102    8   68    1   62   12  110    6  -1
   96    24957  273  111  221  193  101  -1
   97    25025   14  121    5   79    6  119   14   75   15  178   14  113   14   89    6  146    6  -1
   98    25302   10   95    4   98   15  127    2  162    4  158    9   55    3  -1
   99    25798   13   56   11  160    8  133    8   60   13  -1
  100    26148   14  160   12   97    7  168    9  159   15  184    6   54   15  149   13  165   12   91    4  -1
